0 0 0 0 89.2898 2.019165 -9.764711
38.36321 31.53231 44.41691 13.13764 49.65034 -1.275119 17.25677
62.55394 78.5632 49.06789 55.7932 20.11852 7.203265 -0.560388
33.0411 75.25862 41.37055 13.22176 42.13441 20.26971 6.510723
68.62423 13.11206 62.89381 81.2945 21.77855 -9.83751 6.649991
0 100 100 0 47.15232 60.91509 47.26498
100 100 0 0 22.69275 21.33315 -47.4322
100 0 100 0 47.77572 -64.82679 16.6477
0 0 100 100 25.91419 -1.342771 15.96382
100 0 0 100 15.78028 -4.609926 -5.473268
0 100 0 100 17.89516 10.77725 0.524257
0 0 100 0 86.03465 -9.694688 83.33439
100 0 0 0 52.83571 -27.1596 -49.65762
100 100 100 0 26.75823 -3.836131 5.38749
0 100 0 0 49.60605 65.32684 -13.40119
0 0 0 100 26.9087 2.395847 3.142797
0 100 100 100 13.81135 7.122496 4.349914
100 0 100 100 17.7238 -3.133379 4.026285
100 100 0 100 14.22041 1.463285 -2.259332
0 0 100 51.35968 48.88112 -4.508541 42.4944
0 0 0 62.44242 45.08985 2.097366 -0.345366
0 100 100 67.28673 28.33231 9.766769 5.797196
0 100 0 70.25918 24.38471 29.09642 -4.297469
100 0 0 69.09279 22.3708 -12.52649 -15.83897
100 0 100 28.80261 36.75422 -46.64952 20.52478
100 100 0 27.83763 17.70321 15.18119 -36.63078
100 100 100 71.47681 16.25181 -0.361247 1.321686
0 42.63251 100 0 67.89601 20.64744 61.38769
0 66.48326 0 0 62.81951 43.10773 -14.4529
50.76953 0 0 0 72.23108 -11.77878 -29.44182
32.43665 0 100 0 71.85972 -26.43138 55.47723
100 0 33.29552 0 49.4974 -48.01244 -16.06615
0 0 29.01093 0 87.85024 -5.489699 26.66733
100 29.23261 100 0 36.82155 -49.40999 19.05274
57.23725 100 0 0 33.67382 35.66628 -34.66052
100 66.88472 0 0 33.54013 5.569419 -45.61018
65.40323 100 100 0 27.6117 18.8418 15.47059
100 100 71.77081 0 26.97311 -2.055495 -1.713907
0 100 41.46956 0 47.80851 62.26039 17.11852
0 0 44.41075 100 23.93028 0.271607 7.100565
0 50.77589 100 100 18.95845 6.403278 6.708181
28.12754 0 100 100 22.26147 -4.800282 7.105188
100 0 33.37371 100 14.32592 -6.915804 -1.968078
0 61.45331 0 100 18.8682 7.632539 0.947178
50.16861 100 0 100 15.21643 5.867575 -1.654567
29.34247 0 0 100 26.21355 -0.23167 0.441388
41.7401 100 100 100 18.40872 5.406684 3.56323
100 57.51964 0 100 12.62858 0.655521 -4.074756
0 100 34.75023 100 14.57682 12.6848 2.734725
100 30.35912 100 100 16.94698 -1.628876 1.049153
100 100 49.36226 100 14.52941 1.403537 0.500469
100 0 0 18.30441 44.75328 -24.55082 -37.74861
100 100 100 42.1052 21.39713 -1.011669 2.097395
100 0 100 72.16142 20.61646 -4.639236 3.191216
100 100 0 56.67914 20.38518 5.56552 -6.567329
0 16.72966 0 0 83.73206 10.45861 -11.58919
100 100 43.82047 0 21.44257 0.220049 -19.09078
100 0 56.25274 65.04849 21.4064 -22.51677 2.20423
100 61.38962 0 32.35831 24.57864 1.288323 -34.29096
100 80.93352 100 100 15.93422 1.488154 0.68578
100 16.43579 0 0 47.86459 -19.53767 -49.38852
73.05372 0 0 41.15766 44.13986 -13.73935 -22.48902
0 66.343 0 52.28618 35.60829 22.48276 -5.516317
0 27.95782 58.82207 0 76.27019 9.62971 44.67061
42.97798 0 72.24597 0 70.08083 -28.48593 46.46677
62.47766 0 100 34.42105 42.06957 -25.90544 28.79413
0 100 67.6159 47.31786 26.70061 34.01185 19.59072
100 30.79453 100 27.80778 28.58555 -32.30428 13.44729
61.11868 100 27.56316 0 31.21104 29.94545 -13.53461
58.5356 62.41111 0 0 47.10771 17.2372 -32.99059
100 54.20143 55.95401 0 33.60696 -27.87554 -1.766428
60.06358 56.18861 100 0 41.27649 -3.391916 33.04104
0 100 0 27.00847 37.68192 47.67631 -10.05485
0 0 31.2468 47.10363 55.08057 -1.173244 12.38069
49.14954 100 0 64.24022 18.95722 19.43634 -11.55461
32.62759 66.50554 100 100 20.24559 3.234345 3.911091
0 43.52587 100 40.29804 44.70676 12.45927 40.01994
67.59039 0 72.8777 100 17.39646 -6.900618 2.595155
0 100 55.84398 0 48.43175 59.57298 28.56749
100 49.16853 65.18987 100 16.37019 -0.427248 1.4846
54.84634 100 100 56.51374 18.39981 12.81158 7.775887
31.76612 31.59817 0 100 19.90287 2.65973 -0.525903
100 100 62.48736 49.66148 16.31268 2.237428 -5.731211
49.07403 0 100 0 67.70748 -30.35631 38.76475
0 0 0 25.2266 69.4662 2.025954 -4.795777
0 29.15052 35.17549 100 21.35201 3.176478 5.866775
15.73197 100 100 0 41.47666 53.36632 38.96418
100 0 83.39072 100 18.11045 -5.052468 3.780011
41.44603 100 49.21692 100 14.25798 5.374273 1.452199
58.22628 0 0 100 18.24995 -2.531758 -1.774798
100 0 50.61492 0 49.53527 -51.74076 -1.19174
0 0 72.4633 0 87.28163 -8.266748 48.56634
100 43.46793 0 100 11.5311 0.130969 -5.635274
100 72.3403 100 0 30.87928 -19.91883 11.9422
0 100 100 38.4521 31.88138 38.52229 30.74397
100 37.34031 100 71.5602 19.64696 -8.327425 3.99554
44.18115 100 54.2484 0 36.04229 34.11385 8.843103
42.68376 100 0 0 37.64608 45.87129 -28.57728
17.21446 0 0 0 84.13608 -2.679533 -16.13583
40.19878 0 0 58.48985 40.33288 -4.15481 -7.80705
0 71.79044 100 0 58.07634 38.21985 49.15569
71.03619 100 100 100 14.01094 2.414708 2.380889
0 24.51091 0 100 23.02684 4.121906 1.810042
0 100 84.25938 100 16.92496 6.80179 5.013271
49.30295 0 19.01689 100 19.56092 -2.2853 0.911889
0 16.54009 100 100 19.23188 -0.448493 11.25936
44.59679 55.0794 0 0 54.01399 19.64617 -28.32114
48.19739 16.68486 100 100 18.1287 -3.0379 4.275502
0 0 100 83.97996 25.3747 -2.053129 16.79567
66.15134 0 49.96851 0 62.31524 -33.53169 12.89073
0 68.87281 27.57707 0 58.451 42.64575 13.30934
100 49.1429 0 54.24569 23.89863 -3.61754 -26.08123
0 17.53599 0 15.29148 69.60426 10.17704 -8.488802
71.6248 73.52617 0 100 14.34135 4.768959 -5.654431
13.51172 0 100 73.67114 31.78048 -3.226312 17.51496
0 32.87397 0 0 74.60695 24.04077 -13.327
0 0 100 17.50887 66.2704 -6.811737 63.57775
100 100 82.58055 100 15.17763 0.819572 1.070555
0 71.45159 40.30495 100 18.21766 8.44638 5.150868
0 0 73.28552 100 22.86439 -1.674862 9.785328
100 100 33.27695 85.68025 14.62263 2.169183 -3.969506
60.44414 100 100 26.50331 23.10272 15.87582 10.49137
85.84682 0 100 100 14.74936 -4.263112 3.950181
59.90336 0 100 61.44933 29.5995 -17.01161 20.3221
0 0 61.79469 64.61621 38.00153 -1.913603 22.54984
48.33021 100 0 48.93588 22.50577 24.37244 -15.59079
100 63.03011 100 100 14.51653 -0.0620372 1.167799
100 33.03084 0 0 42.75174 -10.90873 -49.21003
100 45.95722 100 59.04822 22.99339 -9.122133 3.15934
0 56.34595 53.27552 0 65.1597 27.8112 34.66053
100 100 35.27274 38.27 17.27368 4.013757 -12.95228
100 0 39.15685 41.2264 34.05193 -27.12084 -10.34286
67.17753 100 0 100 16.5777 5.072691 -2.292742
40.10788 0 34.71501 100 22.82232 -2.842127 4.162484
100 0 0 35.64578 38.6477 -22.71635 -33.70086
100 0 68.04487 0 48.68983 -53.90208 -3.740909
34.58473 100 0 100 14.27688 11.85299 -3.124118
0 38.10783 0 47.01064 48.19194 14.91317 -5.7592
100 100 0 71.17194 21.93416 3.247951 -2.667884
56.99678 0 43.69185 40.59142 43.16338 -17.71319 7.769829
53.88192 0 14.32374 0 69.4471 -19.8361 -11.08161
0 100 70.63587 0 48.20291 58.38073 34.92244
0 68.18843 100 58.28247 28.58542 18.25585 24.18342
100 60.41254 100 15.59847 26.9995 -24.15248 11.29123
31.30442 100 100 0 36.9502 41.91871 16.11736
0 59.36904 41.82853 67.5115 31.10171 12.3145 13.61496
33.65153 71.74603 100 40.49799 31.13053 12.65155 20.57312
47.41605 27.49952 100 0 56.67746 -13.80051 45.87806
53.50368 26.69026 48.58033 0 56.67092 -12.77117 17.0151
0 43.06209 56.10864 100 20.20075 4.710899 4.52759
0 28.1223 100 0 73.59389 10.51941 69.47629
67.2581 57.44766 0 50.76907 24.31921 6.439125 -17.01927
100 68.64565 35.60836 41.90852 19.81803 -7.223859 -12.92864
35.77927 51.34332 67.88479 100 18.27123 3.28697 4.637469
0 0 14.55367 100 24.82771 1.462639 4.900662
56.1972 100 34.85064 69.67665 15.92661 10.95067 -0.446813
48.79718 77.93063 0 100 14.93414 7.91348 -3.531521
0 0 57.47162 14.53188 73.59102 -6.035869 39.28563
40.45786 0 0 12.13542 67.7641 -7.805075 -20.49536
100 65.21936 16.54384 100 16.1089 0.84942 -2.223973
0 100 17.75419 60.41261 27.83685 30.44685 3.883533
15.35588 0 100 14.98609 67.04459 -12.38486 61.20916
67.04368 0 0 0 64.65553 -17.2619 -37.10756
73.81609 57.4328 0 100 13.91212 2.452996 -3.884909
100 100 14.81227 0 22.23344 11.65187 -34.71793
83.4189 0 100 0 53.53364 -51.96984 32.93172
82.54223 52.42114 100 100 15.18097 -0.51289 2.458877
83.61423 100 14.26448 100 13.74531 2.931186 -0.827455
100 0 100 43.39679 31.43213 -34.98808 12.86287
56.91923 0 100 100 19.01718 -5.075887 4.363534
0 29.30354 100 68.94438 31.38379 4.21987 25.62536
84.29721 100 46.80841 100 18.14715 2.102305 0.293821
40.34844 100 100 60.50636 20.34777 13.96303 9.572057
0 100 19.15981 29.08596 36.14343 46.82161 0.934435
69.63985 100 83.8336 0 29.47136 15.06449 8.820834
0 0 0 49.8407 57.05906 1.985503 -2.699808
100 0 50.1782 100 17.25131 -8.020427 0.254354
0 100 100 82.47482 21.11201 8.30524 4.894648
100 100 100 13.45288 21.78906 -2.1784 2.912642
100 35.11906 34.57293 100 14.84093 -1.664379 -0.748751
0 51.51891 0 19.90153 56.16502 27.30571 -10.94218
70.98683 32.32755 0 0 51.73792 -0.577682 -38.55041
100 44.57913 0 25.88055 30.12726 -5.084373 -35.29805
71.66377 100 0 0 29.042 32.08551 -38.31394
100 29.41315 0 100 13.8928 -3.229522 -8.748639
0 0 58.30706 0 87.25149 -8.477749 53.42247
44.79692 0 100 35.01205 43.98121 -19.93334 34.39343
100 15.61363 27.58895 0 45.40241 -39.65254 -17.35036
0 66.85303 100 100 18.92482 5.573714 6.321023
0 54.17251 33.67528 0 63.77556 32.10427 20.67456
27.00925 34.58691 0 0 67.40688 12.59968 -22.64193
25.84354 0 47.53828 0 78.05493 -17.34412 30.19557
100 0 65.80497 48.62996 26.86165 -31.62713 8.158146
100 79.7898 30.99928 0 28.57083 -3.487201 -21.23147
68.0961 0 0 84.8388 22.98604 -4.618457 -4.837926
0 74.35328 0 100 18.18593 9.780022 1.121604
0 100 69.62903 66.55568 17.6984 23.70232 13.45368
0 100 17.24856 100 15.77224 13.6484 2.815499
100 60.91471 41.96154 0 32.67321 -19.46961 -12.90973
27.26836 100 100 100 15.20493 4.609415 2.725809
14.26608 100 0 0 46.41207 57.68449 -19.22526
45.83365 0 82.85192 100 17.97543 -5.353324 5.584012
27.66086 55.80549 100 0 53.22564 13.87332 46.78744
0 24.68383 26.59418 0 76.05788 13.97168 18.42139
28.60262 100 0 18.65511 33.75259 42.39156 -20.36965
100 72.95939 100 26.12337 19.78411 -11.20219 6.452197
53.55434 100 0 28.59958 26.37811 31.6259 -22.49105
53.8687 0 38.2972 100 19.03776 -4.462505 3.547292
0 100 0 55.38026 27.25321 35.08247 -6.122278
0 70.11973 100 26.54727 39.37829 33.97201 39.93244
15.99937 38.70171 100 100 19.64541 2.84644 10.04363
64.96642 100 67.55617 100 16.86222 2.343476 0.372626
100 0 44.14871 72.03542 21.45645 -17.59007 -1.504212
62.81943 35.72541 0 100 17.61521 1.220582 -4.021502
43.72573 100 60.10119 13.34204 29.76778 30.91979 11.06206
100 74.25726 100 43.60574 23.383 -10.36931 6.167628
0 0 25.90077 86.87885 27.47445 0.858117 7.111466
29.77499 0 59.65361 49.97149 47.43262 -10.93889 24.70468
0 100 46.09556 85.81672 15.37145 15.13191 6.0244
100 43.93973 71.74943 0 36.33893 -36.08712 7.379404
100 29.60191 0 80.63504 18.16801 -3.868123 -10.70258
52.62083 48.07813 100 56.82328 27.58611 -1.386589 17.46757
100 100 15.82142 100 15.47454 1.164358 -0.570121
100 100 72.31902 62.50065 16.36581 1.03009 -2.792515
0 42.95312 0 86.27059 25.04817 7.438093 0.889937
15.14603 100 100 30.20254 31.38034 39.69321 28.66029
52.55942 55.5926 71.14331 0 47.65595 1.395455 23.74249
100 73.31414 0 59.4443 15.51332 3.187488 -21.98116
0 0 0 75.04238 35.2319 2.288852 1.803586
29.25798 79.61401 0 0 45.48179 41.26116 -25.71827
30.28753 70.77452 0 100 15.82972 6.27922 -1.334852
100 36.21953 41.49956 46.26889 22.98671 -15.43878 -10.16349
70.43396 100 41.09434 0 29.87454 21.62304 -8.723794
100 14.47839 100 0 43.34579 -58.13561 24.17859
0 85.31469 0 28.62555 38.52454 41.16672 -10.19252
100 68.35844 84.18021 0 27.46209 -20.81068 7.436774
62.11312 81.74793 100 100 14.87989 2.226483 2.988264
0 57.88856 71.26008 38.17598 43.10753 17.79147 32.52069
100 69.48463 50.38322 100 16.41897 0.483713 0.275797
100 86.56603 100 68.40693 18.32526 -2.120635 0.491852
24.67372 57.51188 25.2656 0 56.50784 23.73295 -6.643348
15.15356 100 0 80.68812 18.70693 18.66931 -2.110647
15.38057 0 0 33.80689 62.24939 -0.671763 -7.506213
0 100 52.28357 100 14.8146 9.266123 4.164701
100 24.37882 0 62.22781 20.89935 -7.680214 -18.9523
33.94881 100 17.86611 100 15.93324 6.816513 0.0641291
100 0 17.29121 0 51.22632 -38.68627 -29.30115
56.27522 40.08838 100 0 50.86638 -11.88904 36.9042
66.68188 100 0 58.89851 16.09864 16.48407 -16.47659
0 100 64.8483 31.55028 34.9068 41.31503 12.38336
0 12.10714 100 14.57921 67.74291 -2.54159 61.87119
23.41265 16.47223 0 29.40239 57.69376 3.200764 -12.11143
0 78.11478 70.83744 100 15.70377 7.968628 6.677972
82.8461 57.44091 51.59196 100 14.88871 0.423988 0.366209
0 85.87183 85.80292 0 53.11526 48.64929 40.80123
69.22832 0 16.57552 0 63.58739 -25.46363 -16.15666
100 46.53492 85.836 43.78809 21.88709 -15.21008 5.776483
73.04321 68.04416 26.9653 0 39.3778 4.974786 -16.40205
16.18409 100 15.77532 0 45.34159 54.94981 -5.592632
0 49.69835 0 0 70.3787 31.44488 -14.04653
100 100 15.02 58.89186 21.95488 3.845695 -5.166825
100 80.65851 68.00252 0 27.05507 -15.61732 -3.00489
27.38779 100 58.51414 45.11753 25.18304 26.78359 11.32925
19.75956 86.6655 0 37.20689 34.3022 30.74887 -12.31338
0 0 13.84226 29.03065 66.9954 -0.19949 4.569831
0 29.03934 0 60.24801 42.38001 9.57268 -3.00943
68.38614 0 79.34644 0 60.87257 -39.85344 34.07761
70.60102 100 56.4827 34.54986 19.47565 14.12597 -5.192191
30.31055 100 63.96189 0 37.96725 41.36741 19.13354
100 29.38414 41.47714 0 40.5376 -36.9295 -9.110512
0 0 100 66.72519 35.55776 -2.229006 26.62296
100 0 0 52.88257 29.2045 -14.95664 -20.6604
34.13374 0 0 0 77.3303 -7.917604 -23.88759
0 68.96224 65.83934 0 59.36462 37.14342 38.51227
46.35974 0 48.68892 50.7424 43.00411 -12.60738 14.45666
39.65657 46.96165 0 100 16.58644 4.043649 -1.560727
100 100 56.93776 14.46832 21.73484 0.494114 -10.77237
57.82805 0 0 34.85368 48.18353 -10.52369 -19.24961
0 100 100 25.37029 37.09671 43.24929 32.82849
30.26991 100 100 71.11919 21.67241 11.93951 6.883746
72.64985 86.51349 100 0 28.0983 4.820198 14.29743
0 100 0 84.95185 18.01183 15.09181 0.181261
69.4171 100 32.95087 100 12.42246 3.471723 -0.823869
31.89397 45.49003 0 69.95711 28.6474 6.657784 -6.353466
16.32703 0 100 0 79.46141 -17.41731 75.89104
0 41.51666 44.32124 36.3026 51.43304 13.55974 19.43887
100 20.28761 100 42.10651 25.5931 -15.11509 9.324915
44.98947 34.309 100 100 16.58045 -0.79289 4.902435
20.03899 100 0 64.28231 22.36449 23.63827 -6.128674
0 0 85.47536 47.12783 53.04831 -4.779663 43.8927
33.19496 0 100 67.1979 28.99979 -8.524517 20.33722
30.79255 100 84.742 100 16.39694 7.120812 3.76715
0 0 100 34.5621 58.98521 -5.703659 52.64457
0 48.31137 100 58.81937 35.91733 9.244649 25.31605
35.88249 15.89034 100 0 65.08059 -19.97708 55.04991
0 100 34.37457 31.46813 36.74704 40.26619 8.618755
0 34.79316 69.02826 100 19.89932 2.147991 7.434956
83.29197 0 26.36612 100 19.25263 -7.498045 -0.477114
82.53216 100 100 0 25.92596 8.316546 7.921711
100 0 71.24619 79.67919 23.13217 -9.548706 3.210011
17.19097 100 0 100 15.61872 11.35601 -0.211354
36.53222 51.7569 43.70846 100 14.38921 2.515598 2.524121
86.43019 0 0 100 15.50686 -4.693708 -4.409583
0 0 42.47544 12.55053 76.29731 -5.665662 34.58612
100 49.96552 0 0 38.81891 -4.256482 -47.86506
18.53476 25.56143 100 0 68.96802 -0.905387 56.44263
84.82233 100 100 47.73086 20.46098 3.741284 4.894497
100 32.79189 55.62997 100 16.36033 -1.650197 1.029545
0 0 14.82806 0 88.77099 -1.936384 7.119891
39.07972 60.32711 62.84148 26.89423 39.33787 8.362472 16.57118
78.29376 55.08772 100 0 38.04356 -16.18871 19.49434
100 61.09031 35.14426 73.77546 15.74612 -3.071268 -5.161639
100 71.73303 0 100 13.59366 0.972634 -3.362421
100 100 84.00411 28.63309 18.59347 -0.500243 0.345641
100 60.04966 0 67.33482 18.62984 -0.848758 -19.68784
42.76945 100 55.55544 80.93605 14.43585 10.24269 2.971873
58.55969 34.84579 47.17621 100 14.36188 -1.116487 2.541226
84.2246 100 100 68.58925 19.42307 4.015327 0.255438
0 0 73.40268 57.62103 40.54645 -2.770569 31.49542
100 100 100 56.94089 19.50393 0.477791 -0.75261
14.26836 55.76024 0 0 63.45763 30.08287 -18.29419
40.80909 40.15945 100 27.02266 39.67852 -1.110596 32.57867
17.73517 0 0 83.59278 34.56638 0.645108 0.0746477
52.11812 70.40566 100 0 40.01736 12.55067 29.25046
100 28.14584 71.27954 0 38.61514 -45.0496 10.07012
14.16253 0 54.31253 100 22.00817 -1.361967 8.583972
100 32.81116 0 47.35902 28.29086 -6.838604 -25.66442
60.94169 100 0 73.4158 13.5448 12.0109 -8.431382
100 0 29.86259 15.58131 43.48034 -38.79628 -14.22014
100 58.37468 100 0 33.00439 -22.56892 2.02009
0 44.72258 35.59447 100 22.3375 6.250355 6.843551
100 35.85099 13.93605 0 38.73365 -16.13048 -32.5967
0 42.42836 70.72066 46.1381 39.86036 12.18042 28.81314
84.56877 13.93725 100 100 15.34549 -3.34553 3.627481
71.53911 100 100 37.7497 19.20949 9.317959 5.517682
0 65.47166 100 86.31199 22.42328 6.902132 10.0972
82.78222 0 54.31009 100 15.4725 -7.888934 2.484888
100 66.26392 67.81966 100 14.62982 -0.114642 0.9331
0 69.5665 35.8795 33.09729 44.38187 26.17303 15.31775
100 66.36753 100 86.39896 16.47244 -2.24513 1.544666
0 61.46033 0 65.82457 30.38977 17.93177 -3.420479
47.7385 100 21.17863 28.13451 28.06559 30.13003 -13.85814
69.08882 100 0 28.0168 22.17365 25.14768 -27.02228
64.7545 0 61.41546 49.97206 36.27603 -18.80523 13.55007
0 21.86415 50.1445 44.7728 51.82419 4.511135 24.36063
100 0 60.00854 14.42141 41.97951 -46.86075 5.824816
61.0199 24.77815 0 34.37518 45.68949 -1.943511 -21.51627
100 0 100 86.06002 17.02291 -7.172027 3.234825
85.62178 100 100 100 16.9245 1.300651 0.890512
0 45.57415 15.87174 0 70.52995 25.56608 2.330371
0 50.60831 100 15.18937 53.03219 20.61654 45.90606
0 33.65808 100 100 17.50216 1.090003 8.028614
38.59832 0 26.91539 18.61793 62.05328 -12.63875 0.863802
15.05504 0 0 100 22.73457 1.232775 1.977841
0 56.24202 69.02604 100 16.98188 4.767587 7.184938
100 0 26.48214 47.74644 29.75668 -26.91767 -6.058374
100 62.25185 100 35.06694 22.61861 -13.59078 5.103976
0 56.19431 0 39.36117 45.30342 22.66455 -7.526519
68.21101 61.27677 41.1824 0 41.7878 1.751126 -1.524687
70.03344 0 100 71.83377 22.59207 -12.08945 11.27231
86.78753 53.68192 100 62.50472 22.36259 -10.09827 10.37702
100 100 65.87231 100 12.8398 1.100996 0.249524
44.96712 0 0 26.33367 58.94637 -7.657844 -17.71041
100 26.38815 57.6589 56.39587 24.49761 -21.28258 3.004218
0 28.00079 100 42.57663 49.99785 4.113894 41.48652
100 11.2525 0 11.63764 44.97305 -20.79066 -40.54416
0 100 27.41533 0 48.29966 61.1749 11.37984
100 16.76908 27.66272 100 19.40745 -5.322637 -2.484901
66.47054 27.43975 100 0 49.29207 -27.04758 32.81468
53.69833 63.31224 100 100 16.07622 1.192547 3.381403
100 72.88386 85.11299 59.89471 17.90679 -5.326228 -0.155739
14.00009 0 100 100 20.94478 -2.839912 9.06327
0 84.75504 27.55554 100 15.09021 9.70631 3.146965
26.39969 100 48.78152 0 39.64368 44.50874 14.45798
26.04669 0 12.11246 0 80.07474 -9.529699 -4.416565
27.98359 80.93496 0 66.25475 23.23655 17.26452 -7.569996
100 33.99376 86.71853 100 14.28754 -1.734573 2.007366
29.28585 0 100 21.01919 58.72587 -17.96028 49.12085
85.6291 68.07118 100 16.83803 29.20578 -9.97505 14.87631
28.95069 0 61.03251 0 75.83492 -20.89008 39.08905
68.51943 0 0 54.927 39.82688 -10.8035 -17.66991
100 100 26.31902 49.1654 18.4233 4.910087 -10.06584
40.21997 35.38081 0 27.63355 49.01401 8.692443 -19.18811
83.26868 0 27.09641 65.88237 27.29455 -16.09295 -1.810148
0 48.65123 85.62073 0 65.94397 23.70532 57.71662
86.57739 100 66.80461 0 26.03676 9.794411 -10.79286
71.55831 0 100 100 20.25556 -4.51762 4.779794
30.11685 30.91127 100 100 16.50299 -0.438015 5.34931
0 29.74997 77.24248 86.43817 22.5427 3.099649 13.80736
13.96982 100 0 15.13387 39.83406 50.74061 -16.23786
100 15.03277 100 55.97654 27.87604 -4.853271 3.530879
43.73245 0 0 100 25.29952 -1.326541 -0.940217
19.50328 0 13.61861 68.06634 39.24283 -1.011291 1.079216
0 48.75277 0 100 19.87318 6.500861 1.481931
66.90796 100 100 70.8665 18.77048 8.896917 1.997784
100 0 29.47073 78.30946 16.45178 -12.36946 -2.364913
43.25322 64.8612 0 14.21071 45.76126 21.01752 -23.38186
100 0 16.88405 100 14.28389 -5.537464 -2.885899
70.74886 0 100 20.87216 44.74481 -33.60275 31.88952
100 77.99604 71.83871 40.19967 18.72312 -5.207258 -1.012914
57.62211 84.82954 66.56194 100 15.97815 2.550117 2.180822
0 14.79364 0 34.18956 62.62754 6.805623 -5.924501
86.44298 0 61.65485 0 51.93733 -50.90362 15.60887
37.89899 100 0 30.4174 27.8158 35.09646 -19.56104
100 15.0809 0 100 14.83016 -3.4682 -6.041407
100 100 79.11383 84.95954 13.56797 0.860647 -0.878977
63.1304 100 54.05491 0 30.99934 23.43948 1.338289
0 14.36327 38.935 100 24.3049 1.739361 7.574799
83.42672 0 26.59996 0 58.33945 -31.55593 -20.52136
100 0 82.83517 50.77443 27.19892 -33.69111 11.56913
100 100 15.61341 37.35248 15.73433 8.844486 -21.96767
46.53968 12.9492 0 0 69.92572 -4.446297 -28.0849
58.24657 36.60645 0 76.065 23.26576 1.299996 -7.909239
74.17771 29.18439 100 59.1158 23.73866 -9.258099 10.28456
36.32989 37.16009 68.59805 0 58.4454 -2.993605 33.04272
20.9356 100 69.49025 100 19.40669 5.137026 2.217073
0 0 71.89819 78.13548 30.18689 -1.213966 17.32869
46.79273 0 63.99243 61.54763 34.36124 -11.49971 14.86111
72.62673 0 0 27.76959 46.59214 -14.80061 -24.88912
15.5401 0 84.69768 0 81.18594 -16.15986 70.8592
33.75147 0 62.17718 14.40675 61.04827 -18.13393 32.67133
0 0 41.14131 84.05854 31.45315 0.22749 11.28214
63.42642 100 82.38813 63.16842 18.10118 12.07072 3.111771
79.21405 0 100 40.252 37.95952 -30.89422 22.90573
19.63546 85.4859 100 0 44.31487 39.88046 35.64282
100 85.77221 0 31.09596 21.58784 9.250307 -31.06661
83.78933 100 0 100 13.13501 3.143435 -2.344957
16.50059 49.76675 100 72.04296 26.18961 8.792169 17.6216
0 32.6686 80.39505 0 72.76465 14.00943 51.69984
29.06639 30.27455 25.98556 0 67.14027 3.455689 3.288659
0 100 54.29456 55.37414 27.897 30.62163 15.17156
0 0 31.42868 72.57005 35.9729 0.266953 9.973215
100 70.92919 34.07469 100 15.46484 0.171928 -0.157948
27.85442 100 100 86.31081 18.81461 10.90103 5.911846
13.54666 100 100 100 14.47317 6.488002 3.129498
18.28717 57.99795 65.42614 0 57.27566 20.99669 32.81632
82.7856 26.00357 26.84841 0 51.74742 -19.35782 -15.80563
0 26.30332 38.46049 81.92433 30.76769 4.498556 7.96407
0 100 67.80569 84.49932 18.95686 9.567461 5.513516
71.85651 71.29185 0 0 39.88628 18.3685 -37.75677
49.74779 100 17.26854 100 13.42881 5.174269 -0.30509
25.79841 62.18015 41.52477 0 52.64044 23.47553 9.744965
15.31978 30.67005 100 57.51385 32.76574 2.917943 25.81571
0 0 44.5737 40.67539 59.59071 -3.768721 29.50527
18.17767 84.75998 100 100 18.76114 5.454437 4.739582
48.32123 100 100 0 32.08635 30.90509 21.29085
44.9751 100 100 27.36015 23.88841 24.39102 16.73565
100 86.20617 100 0 27.16821 -12.48013 12.67927
100 42.98727 78.92262 29.21176 28.37142 -29.0563 9.044491
29.90244 100 0 42.99286 28.0867 34.03622 -15.89882
53.9865 0 49.59382 0 66.43645 -28.16042 20.57445
43.75619 70.39869 0 0 48.77872 26.448 -29.33515
79.73157 100 0 43.23719 20.80389 16.71007 -23.11983
52.85384 86.53618 100 86.8502 16.76311 3.688467 1.942697
29.24229 0 50.58319 100 20.97294 -1.699317 3.481022
86.67869 66.18791 100 100 14.21084 0.297962 1.723659
69.63828 50.41533 62.21419 0 45.3715 -10.31933 11.62547
0 49.16574 0 73.57859 29.94965 11.49747 -1.337369
0 67.76391 43.62917 0 60.89169 36.88664 21.94354
100 100 32.45503 100 16.8499 0.598863 -0.238634
31.84689 0 100 50.01772 43.32684 -13.01766 32.32458
76.49462 73.49362 32.65481 65.575 19.85327 3.338176 -4.415386
81.95245 0 100 54.47599 31.12244 -24.81161 18.34475
45.1183 100 28.72607 0 34.89188 40.41294 -8.645746
62.04765 31.04291 100 100 14.59781 -2.365628 4.392778
48.39313 0 100 70.67794 31.61078 -11.5753 16.97945
46.32824 100 84.36112 100 17.56226 4.659825 2.257202
0 62.04583 85.84175 63.22178 28.68267 16.49588 22.04741
100 0 57.11894 83.42071 19.11604 -9.120562 0.296124
47.95262 0 14.05183 66.94643 35.1857 -4.901891 -4.579504
14.83748 100 14.92281 48.62008 27.75756 33.96632 -3.949379
0 100 15.20546 78.55492 19.07679 18.41191 1.088785
0 0 43.54444 0 87.93364 -5.659962 27.20719
0 16.64277 85.17209 20.9386 60.16255 1.477882 50.52483
69.77042 52.53703 0 0 45.11433 9.580416 -37.70706
0 83.47662 0 0 55.3346 54.55226 -14.30228
0 100 84.10276 56.86567 25.11077 27.14107 19.19227
84.35222 71.46329 0 32.58769 27.54403 9.893726 -28.2949
0 100 0 13.32426 42.89324 54.19572 -12.48987
100 63.72525 27.64145 0 33.85411 -12.48518 -23.39593
100 83.64158 0 0 26.82113 14.1947 -47.37034
16.49583 0 68.89352 29.09861 60.22639 -9.764481 37.72503
100 100 0 13.8947 20.7885 17.65546 -42.34458
0 0 59.4456 100 22.5789 -0.475076 8.465391
26.55459 0 33.27695 100 26.21771 -1.985066 6.560544
50.07761 41.30712 34.10743 100 18.68636 0.438997 1.046389
46.0377 52.36482 0 86.78697 18.55209 4.661996 -3.553427
54.67371 100 63.74881 57.72214 17.29872 16.56944 3.171681
34.08519 0 70.98461 70.71438 28.29726 -7.733314 13.66793
36.62615 100 65.37832 71.58026 16.03072 14.75241 3.078375
65.2328 84.7379 72.98772 0 32.11762 15.09489 11.68145
100 15.80464 100 84.69587 17.23177 -7.782607 3.542482
100 86.84414 72.71043 100 15.74526 1.343448 1.491746
67.61099 0 0 70.94807 28.03422 -6.910693 -9.571155
0 27.97763 0 86.06513 29.77131 6.768078 0.652612
56.92421 43.58364 0 0 51.43258 9.874865 -33.84915
100 57.40743 63.47666 61.33915 15.67966 -10.79274 -2.772671
53.5057 0 69.48237 16.41261 55.36378 -23.66589 29.44642
68.8356 26.88146 100 26.27573 36.54293 -20.70481 24.09419
100 47.44765 28.60646 14.37233 32.66748 -17.08685 -17.98814
37.6566 38.99216 43.18281 79.60287 24.67102 3.068861 4.2277
28.45259 100 52.73811 100 14.78292 6.362949 1.273535
100 14.50485 61.81258 31.86964 32.34424 -34.62075 8.279049
0 83.96467 100 60.1302 24.99505 18.25597 16.971
15.33271 0 0 61.92533 44.64464 0.127293 -2.872217
100 100 72.32732 38.82774 14.84085 1.342103 -5.046846
0 100 85.66731 0 46.9684 60.67289 41.71942
100 74.82647 0 40.04645 19.02364 6.327783 -28.12522
36.91121 100 87.44438 0 36.5922 38.96462 23.12366
31.51545 18.18996 70.65674 100 16.73871 -3.436662 5.959663
0 32.96808 30.18963 58.62571 38.10271 7.641922 14.19147
100 100 100 27.27504 22.36795 -0.590236 4.224181
73.35582 26.93821 0 57.68072 28.57897 -3.856617 -17.52701
0 0 28.59852 18.49847 70.92409 -3.904708 24.48511
100 0 60.44623 32.54822 34.40566 -38.18866 5.779593
46.3099 61.08022 25.21814 100 14.9273 3.881941 0.280358
13.22591 53.88311 0 100 18.39793 6.835166 0.890873
58.27461 50.03578 0 100 13.72766 2.928707 -3.501742
38.12535 11.79589 100 28.11709 52.33195 -13.73959 33.28458
0 83.91743 100 46.64829 32.36498 31.02731 27.77486
100 40.96681 33.55139 80.28996 16.76257 -7.264334 -3.253982
0 35.19059 100 87.55915 26.06936 4.617445 15.21172
0 64.31372 0 13.50983 57.46487 31.63858 -10.0583
100 68.3824 26.07126 55.35267 16.06095 -3.013448 -12.80232
0 16.9098 21.54857 100 27.07791 3.955232 4.700938
65.30647 100 40.72295 43.98533 17.80901 15.73883 -6.576427
100 14.13388 0 39.69835 35.62823 -15.82855 -29.39136
100 13.28432 55.90558 100 13.88248 -4.307593 1.218842
0 0 85.85561 30.87965 58.76054 -5.799611 51.15476
41.92013 13.69736 100 86.78471 20.78566 -4.849985 8.954802
100 0 66.98712 100 16.48681 -4.385076 0.933214
100 100 29.37281 26.25244 19.63383 4.579972 -18.31466
0 70.88068 0 73.4732 23.10266 16.90308 -1.642345
12.85278 100 28.59795 56.4867 25.82434 29.28308 6.229446
45.9349 12.94133 100 59.30151 29.3321 -10.16782 17.46661
0 89.91014 28.2956 61.89129 26.20838 26.25996 3.229159
14.84292 100 100 15.91635 36.69238 42.44582 30.59279
0 68.94413 65.22411 30.65365 42.69272 28.59042 28.41026
36.67557 100 77.4251 36.1817 24.90697 25.65253 13.90514
26.42282 0 0 14.97633 69.97278 -4.09654 -14.69083
100 38.09532 69.00889 73.83876 15.74654 -9.947489 0.904347
100 0 84.54237 0 46.82084 -61.24938 24.46065
77.6595 86.40762 0 85.57523 17.59442 3.985878 -2.984196
64.0659 72.73145 100 30.93997 30.52522 3.151276 18.78162
50.48462 63.83266 50.37905 64.63911 21.86391 6.403352 5.664824
52.9541 0 69.42035 100 18.67877 -5.972904 4.152827
26.02051 44.48315 100 29.18807 40.61459 8.141809 34.01031
100 100 54.06263 62.18662 19.38908 2.147424 -8.079693
81.22384 19.49832 85.1358 100 15.54432 -2.856597 2.73395
100 53.73173 100 72.02473 18.44926 -7.716263 2.858669
0 0 13.32654 63.2579 47.34946 0.0738622 9.532815
53.1809 64.79003 100 56.51029 24.43473 4.790713 14.59635
67.96813 32.76276 52.11829 0 50.58408 -17.029 10.52455
0 85.84941 100 0 48.63969 56.67316 46.72738
100 0 74.02197 38.14554 32.68544 -38.45908 6.51003
100 100 0 42.48896 15.19188 11.91168 -28.8847
79.63675 0 50.16138 0 57.40257 -42.85327 13.4748
76.71399 29.48859 37.4789 100 13.62908 -2.911112 -0.416516
0 10.51945 53.36032 38.23973 55.66812 -0.0374787 30.83356
28.02897 0 0 50.45286 45.3872 -2.919012 -6.990126
13.96104 100 26.57548 100 15.49979 13.53185 2.225443
100 39.0105 100 43.23952 25.96376 -9.913446 4.797502
100 60.94102 73.59906 19.55576 27.79595 -20.89031 1.498657
55.91106 33.40141 29.24787 51.1071 34.70815 -2.487278 -1.153531
0 83.36422 100 100 18.78537 5.608323 5.212634
85.40744 100 100 13.38042 23.12862 6.013384 4.907938
29.70675 100 0 86.05955 14.45469 12.60049 -2.177966
0 69.63922 83.12568 0 57.48552 39.45796 47.22034
40.73854 65.17589 0 41.42589 34.58076 16.32369 -17.33495
100 100 63.83922 74.09967 15.85979 1.428018 -2.487263
14.38654 0 85.56817 100 22.53393 -3.23964 8.315875
27.49088 100 39.8474 34.33035 29.47371 31.24402 7.442766
0 35.63623 47.83507 73.15663 28.87972 6.254058 13.74395
0 59.33773 30.28061 100 18.22691 6.640187 4.564574
0 0 29.35723 100 23.32112 0.721563 5.774634
57.21618 0 35.25306 57.93117 37.94816 -12.06895 1.925367
73.02396 0 72.59288 79.02302 20.57383 -11.97268 5.923728
75.99735 57.02883 100 19.72428 33.06779 -11.62391 17.2897
86.59617 41.19832 82.82381 100 18.93122 -1.001142 1.814653
25.8686 100 79.43723 0 39.11346 44.1549 24.25258
15.14965 0 28.34423 73.06802 34.86263 -1.664398 10.06504
85.4256 0 19.66254 34.98976 41.60029 -21.20031 -18.32076
100 0 100 14.00727 41.48142 -56.03037 20.63996
86.62868 100 35.32572 0 26.56897 11.77172 -19.28509
32.80609 33.16794 100 0 58.67948 -3.657859 51.63541
85.17038 37.66651 100 0 41.33687 -30.79936 22.55423
38.71097 14.43228 0 100 21.54812 0.405289 -0.481441
83.53107 0 0 0 59.77449 -21.54017 -42.22386
100 100 85.2485 69.46954 18.02676 0.368843 0.0447903
100 37.11488 62.68515 17.74021 31.10389 -32.0976 2.212796
57.6943 100 67.85404 0 31.89488 25.31886 9.155275
0 83.88523 65.6191 88.16006 20.37802 13.11416 9.554197
100 100 28.45319 72.28035 16.32853 3.354158 -7.169112
0 100 31.87769 45.50944 30.50904 40.21234 6.778047
100 28.66544 15.88269 14.14644 35.42853 -19.78593 -25.85163
34.44807 67.12687 34.36279 100 20.19706 4.806798 2.233471
0 100 46.20207 21.17601 38.06245 45.9278 18.59706
15.20165 69.19819 100 100 15.76544 3.34008 4.728749
0 71.30308 24.3178 48.67103 37.42885 23.60603 3.376893
43.3512 100 68.37827 100 17.20918 7.622981 3.715557
56.78261 33.78323 82.41436 70.22498 23.11816 -4.943133 11.26699
78.18024 0 47.16915 87.21078 21.71333 -9.558367 3.093803
100 100 85.76365 0 24.17429 -2.219689 -1.287699
15.27777 100 100 68.66637 23.35738 9.036464 7.835615
0 100 70.61421 16.37947 37.55498 46.00552 29.64224
83.94408 69.97724 100 68.78654 17.78575 -1.843051 4.624008
0 14.2214 100 0 81.04595 -0.933408 77.43771
0 26.81974 0 27.12994 61.12789 13.1212 -7.721731
56.50053 100 100 42.03207 21.34809 14.49414 9.214314
100 12.42939 55.1216 0 45.7846 -51.53042 2.924704
69.75237 100 49.44468 56.68225 15.59255 11.24278 -4.041151
46.12427 13.32874 0 57.49794 41.75273 -2.484575 -12.22464
15.03904 25.55912 0 0 75.03816 13.26927 -17.24254
81.28459 56.92039 100 76.36797 16.97165 -3.263172 4.778752
0 20.31529 67.88466 100 21.73708 0.996299 8.929347
100 0 15.67842 26.48337 39.88068 -32.51019 -16.84601
0 12.83209 31.92355 0 83.21515 2.422202 22.82049
36.54584 0 0 86.5567 26.18187 -1.391618 -1.516685
100 73.37842 0 77.63755 21.32757 3.080283 -6.829519
46.37254 20.63124 70.82672 0 61.26729 -18.24997 37.54641
64.8969 69.66233 0 60.04577 21.73787 9.548967 -14.18739
0 55.07283 100 29.72181 42.11468 22.49997 41.57984
56.08293 39.26172 21.05839 0 55.07737 -0.260807 -12.99245
100 0 0 84.57234 19.35587 -5.668041 -6.90073
30.93906 0 71.32116 39.49763 50.96975 -13.59264 32.11954
38.32664 81.06316 66.90683 0 40.99165 26.51454 16.43379
0 23.97873 100 83.61122 23.97304 2.177765 15.88095
55.45276 70.09078 31.55628 0 42.63609 15.30617 -4.99359
85.17145 100 0 57.10351 15.20325 11.96917 -15.56424
69.05866 63.08293 100 100 18.4852 1.22855 3.895422
34.7167 52.12883 0 19.13121 47.49052 16.95898 -20.8118
100 100 0 85.39064 18.27373 2.637881 -3.908432
80.60861 44.31476 0 100 13.94936 0.832017 -4.132761
21.64832 15.29052 0 100 21.78249 1.908423 0.996651
34.64066 0 18.89924 50.08906 45.75416 -8.595635 6.42077
100 22.50502 100 14.07038 33.77318 -46.26794 19.53872
41.06767 62.10378 30.93753 25.72405 40.1543 12.66433 0.241254
0 26.17269 59.29819 57.61252 42.06585 5.086553 24.73132
0 86.4776 72.13685 52.88362 27.81106 27.3793 21.60104
87.00989 0 35.84872 47.43904 35.66828 -26.23342 0.0415583
100 72.23093 0 22.67674 24.39207 4.947611 -35.95528
51.99907 47.34262 81.6467 100 16.1918 -0.139415 4.032088
0 17.34726 100 54.74143 44.06491 1.229159 26.86869
100 0 16.74839 62.69026 24.37616 -14.09977 -14.47968
100 77.28572 41.84752 73.902 14.49297 -1.483038 -4.327397
100 54.04455 33.17957 100 15.73191 -0.579431 -0.908879
27.28915 60.03023 100 61.01323 22.61948 10.30153 14.8455
62.71715 15.54772 0 0 62.12289 -8.426621 -35.29213
43.52102 0 48.49008 69.75256 34.16691 -9.249959 10.30997
26.85854 59.32487 0 35.60575 36.77041 21.26313 -14.93726
13.9842 0 28.86702 0 84.24336 -9.114699 18.99785
0 86.92726 0 44.64042 34.48913 35.99492 -8.727333
16.51319 19.94613 42.41435 100 18.95344 0.893871 6.181374
100 14.35878 47.5545 25.08525 36.01278 -32.14519 -2.076574
0 87.35189 0 100 14.96617 13.08035 0.911493
33.59365 0 42.52558 16.35949 61.22291 -15.21001 17.67207
17.72443 39.66893 100 0 64.59738 8.313593 54.58742
72.22512 0 0 12.91394 54.10046 -16.41133 -29.63116
37.65712 32.28575 100 85.31356 23.52075 0.890024 12.53045
35.96106 85.858 72.6337 100 15.70662 6.272412 3.782516
81.88508 18.5603 0 0 56.04072 -12.53214 -41.40168
42.65427 58.76043 100 0 47.19844 7.928561 37.21675
14.49738 71.61493 0 100 19.91693 10.15981 -0.210805
54.46408 0 0 49.7022 45.66572 -8.081417 -14.12587
0 27.56055 42.2349 0 76.02415 10.9867 30.28242
100 100 100 85.52101 13.49166 0.886644 0.675539
60.60336 27.9391 85.25152 0 52.49455 -20.45967 34.71075
0 100 100 52.57648 28.57846 19.12636 16.64351
79.44036 100 84.30223 100 14.51348 2.244232 1.627877
21.05294 33.22366 52.49944 48.34307 40.40374 4.120259 18.56292
32.67375 52.59229 13.79584 100 17.28672 4.06621 0.145696
73.4461 52.78209 25.99701 29.40927 34.25736 -1.166489 -11.55188
0 36.52553 100 27.36405 50.36393 10.97932 47.55093
13.96657 0 100 30.46116 58.71188 -9.550201 49.97537
100 54.86133 100 46.70972 24.54123 -16.50182 11.07902
47.29191 100 11.31361 39.1845 24.90607 29.09624 -14.16191
85.90575 27.91942 100 85.53215 17.83241 -6.736588 3.947655
100 100 67.74158 24.89119 16.90803 3.224375 -6.139063
72.31144 100 28.79345 17.5608 21.91875 15.20614 -14.41616
16.62199 28.25277 36.68313 0 71.05862 7.098869 17.22348
16.02331 69.89774 100 35.51975 35.52936 21.64009 27.98373
100 86.36309 69.97945 67.88726 17.1722 -2.238864 -1.299731
100 85.23891 48.79527 28.92824 18.47799 -0.805498 -14.95992
70.23484 45.51492 0 15.62315 42.40404 3.78531 -29.1581
85.02514 14.49045 0 100 14.72232 -2.617094 -4.130826
100 0 73.15383 20.78627 37.30866 -47.58462 15.26281
86.5627 85.91295 100 100 15.47884 1.047415 0.877369
100 26.45244 72.26794 65.94966 23.53738 -5.741671 -0.162796
100 64.92406 64.42855 31.29485 22.73873 -14.63749 -1.742989
0 71.51557 75.2234 20.21419 42.99151 31.76615 33.96565
0 0 59.5603 30.65236 62.99567 -5.058594 38.76686
0 68.53555 15.65255 86.65222 22.47102 9.74822 1.906618
100 46.52412 100 100 14.32866 -1.080626 1.338087
46.90739 0 38.67426 13.40708 62.00005 -16.53304 0.464075
58.17487 68.41281 16.59618 100 15.96244 4.571397 -1.674939
34.17588 0 100 82.88159 23.10501 -6.575613 14.21406
27.34158 100 27.69656 88.69933 15.1878 12.10833 0.832767
13.99683 55.9485 0 82.63234 22.61928 9.084642 -0.631562
100 74.5599 83.21419 100 14.8608 1.334204 -0.759319
0 29.53582 36.52772 12.89411 65.09861 13.28748 8.683629
44.10551 52.95618 100 86.31909 19.60461 2.065049 8.406582
72.98577 16.33218 0 11.90855 50.60782 -10.51569 -32.10187
21.33095 85.88931 0 100 16.11297 8.850998 -0.719033
100 43.83568 0 86.62153 16.93472 -2.197458 -9.936897
85.9437 0 0 46.13945 36.743 -16.41929 -23.69048
0 49.03609 13.91173 68.59325 30.14998 12.75365 2.033919
30.33716 10.97481 82.98718 0 69.50068 -18.39267 55.20554
81.31611 29.02196 45.91283 47.92628 29.79173 -12.37433 -1.752473
100 84.02088 46.14786 0 25.11322 -8.471615 -15.39662
100 38.50114 35.40362 65.72948 19.76866 -14.08964 -5.892703
0 100 32.77024 14.56155 40.23228 50.55934 2.14483
55.36514 85.54428 0 34.59 27.95968 24.5228 -22.90469
46.57701 76.9091 31.54663 100 14.6584 5.438843 0.511064
28.03446 50.12209 0 0 59.78655 22.1309 -23.60597
62.67303 0 45.21791 86.75347 24.13048 -7.735114 4.23149
37.02558 100 33.95012 100 15.5469 5.48695 0.830061
0 16.41256 54.06177 25.27675 61.93398 2.080773 32.37679
0 53.93117 25.05298 31.57363 50.91745 21.21836 5.062599
19.18679 42.94331 41.49642 45.69219 42.56174 7.972823 9.368378
21.02798 100 28.94794 26.0619 33.83238 36.2894 2.160519
17.92735 100 31.45966 0 43.47335 53.18085 7.169323
100 62.34932 69.41344 0 31.26756 -20.95018 -8.260237
0 81.13266 55.62082 0 54.13325 47.68419 31.22409
72.78375 0 0 100 20.43218 -4.785472 -4.334255
0 29.51788 21.97609 45.97801 48.73497 10.04096 10.2539
100 18.68839 85.71455 0 42.45608 -56.94989 18.51874
100 53.69069 30.5576 40.39538 26.06259 -8.257019 -16.88067
78.21431 35.25772 0 79.058 21.38131 -1.140997 -10.8188
64.6753 100 76.87185 77.02397 18.7457 7.468856 2.000532
69.08791 100 50.76236 100 16.53058 3.347262 1.702895
62.61064 0 26.99639 100 18.33476 -4.162026 1.534573
79.40817 100 0 71.59817 18.82962 6.330991 -4.916732
100 100 40.61267 12.89735 18.31511 3.78818 -16.52315
77.72676 100 12.96101 84.1862 16.47933 5.049577 -3.734932
29.67441 0 30.13178 0 76.39844 -17.60587 13.83024
85.67812 0 52.7199 33.62446 40.33212 -31.15964 9.417877
72.95577 59.37906 100 34.06523 27.85744 -6.475623 17.16904
30.2591 100 51.70636 59.32914 19.38219 20.03885 4.729954
0 100 55.09058 73.58424 18.18583 19.34881 9.316677
0 55.29605 47.10195 52.48791 37.14092 17.78429 16.07723
38.34663 100 63.01661 35.9791 26.42729 26.02637 9.429294
44.10604 26.61633 0 72.85752 28.71752 1.9571 -6.661192
86.1219 0 100 28.96121 37.869 -39.72529 24.18172
100 14.73444 14.40981 33.36097 35.54621 -20.38787 -24.80963
16.37198 84.22186 67.81358 100 16.81065 5.785223 3.238953
84.87054 0 100 84.76651 20.48608 -5.679822 4.836745
0 82.19058 0 59.60379 28.25199 27.22259 -5.614423
0 57.13288 100 0 63.48404 29.05891 60.92491
54.57689 14.13738 100 0 60.57667 -27.69918 46.56474
41.38477 16.48918 100 45.55056 37.01667 -10.76594 29.47501
0 0 15.38553 46.83653 58.00162 -0.608686 7.781841
100 46.38287 0 73.1881 15.89286 -2.236954 -15.42163
85.2716 100 28.15715 58.36481 15.57439 7.864394 -7.102192
86.21289 0 75.06289 0 52.83256 -52.5625 22.43308
59.06738 61.35427 84.53639 66.21017 22.28307 1.436955 10.94364
66.14573 100 71.07966 31.24341 21.7923 18.62557 -4.372295
19.06308 0 69.55876 100 25.43157 -2.412897 10.70798
100 47.25627 26.80887 0 38.10527 -20.13913 -22.28876
59.84691 21.23749 100 58.03343 25.99575 -11.08922 14.52758
0 68.144 51.1227 84.84605 19.0548 10.09677 7.998564
48.99605 100 46.24238 15.92722 30.10006 27.38798 1.475002
55.1408 81.39966 0 0 40.77185 30.98569 -32.84222
100 100 55.41338 38.44022 16.60964 4.21408 -11.5392
36.67285 100 85.71648 72.2362 19.07991 13.47325 6.007661
71.10766 100 100 14.72882 23.60266 14.70766 11.80479
73.41021 0 49.88892 47.98796 37.29231 -22.19366 9.39125
100 100 37.97339 61.16215 16.90874 3.675579 -7.890378
41.6954 100 100 44.44751 24.411 15.59095 11.20352
14.03731 36.36516 0 85.91377 25.2689 7.058909 -0.145616
84.76276 100 85.075 0 26.778 5.004221 6.905917
36.51822 100 0 73.01013 17.06012 16.35825 -5.849157
0 0 0 87.63276 30.15169 2.35582 2.61303
59.60784 34.94898 0 50.00531 32.54369 1.461773 -16.78057
69.32725 25.11554 71.98099 100 19.0138 -1.971495 2.285893
0 14.71763 15.24011 0 84.14022 5.75781 5.435543
49.82226 55.56609 40.03914 25.22248 34.01661 6.962858 4.410756
50.87674 100 100 71.64392 16.2373 9.288644 4.826894
65.23261 100 100 85.37106 16.01011 3.835748 1.061244
100 86.04094 0 100 16.11131 0.926481 -2.55029
83.58372 0 83.6825 100 20.29513 -5.589744 4.088095
0 77.64055 13.9566 0 72.74632 7.745554 43.70245
0 13.55157 0 55.5671 51.30165 5.146783 -3.083091
37.9025 80.59682 0 86.08512 16.05356 10.39595 -3.590626
13.86318 53.61683 100 36.0444 42.4189 13.55479 34.73712
0 17.89092 0 69.59751 38.21435 5.483432 -0.645181
14.84971 0 72.63425 43.77694 52.49253 -7.957023 40.38445
100 83.60079 84.21828 0 29.02261 -9.532673 -3.518656
13.71615 0 100 44.81265 49.23224 -8.261311 43.2286
67.17691 83.92944 0 15.35758 30.83486 22.44605 -30.96305
13.06014 59.35059 72.58676 81.6996 20.59551 8.568209 9.756007
64.25165 0 56.64783 100 16.66465 -6.51902 3.738843
15.42592 33.53741 100 30.54693 45.78762 5.973664 40.26339
70.16362 78.8704 100 46.60839 21.47113 1.930692 10.04533
67.34764 43.19415 0 31.27318 39.62596 2.070225 -24.42231
100 62.19778 100 59.87292 21.26612 -11.87532 5.850871
25.34148 86.27632 100 69.38849 21.39483 8.545768 8.455736
19.3397 77.21431 88.27428 0 51.52203 31.50555 38.08607
0 0 59.62532 86.04613 32.16561 -0.595683 16.5836
87.80562 0 37.30348 24.42847 42.92022 -32.18154 -5.667535
23.69095 45.65596 19.34947 53.62922 39.62648 8.832878 3.928499
85.5971 57.93243 0 0 37.9562 5.768872 -45.2322
0 100 14.6552 14.16183 41.36884 53.17137 -5.897759
100 0 100 57.97851 25.7297 -7.603422 7.334331
100 36.29958 45.24881 88.44088 14.81376 -4.946164 -1.373041
100 49.10525 79.16146 100 15.1971 -0.978617 0.196417
69.12857 39.72857 73.84611 59.7668 21.01911 -6.668108 7.239249
70.95843 0 64.12571 31.33632 42.80172 -26.99247 17.13775
0 14.12425 81.58125 47.62238 49.53119 -0.508014 35.34232
0 34.4593 0 72.9358 36.3369 10.14858 -1.610602
68.85202 37.58821 45.40569 38.74326 34.33043 -8.550231 2.30781
52.45531 0 28.97294 26.67307 54.76094 -17.02356 5.825871
15.46601 100 72.12904 18.88559 35.4315 40.22006 24.28838
13.96109 100 100 85.17786 17.03867 8.930266 5.010243
68.56591 70.29762 100 0 36.29952 0.0968543 24.40943
47.10424 100 0 84.65089 13.18092 11.36068 -5.275322
0 88.15421 100 72.41031 23.65816 8.16921 8.371932
85.70504 20.47706 100 0 46.37845 -43.80837 27.84701
80.57064 70.08059 0 49.0685 25.90418 5.986271 -19.21386
0 13.9606 81.43109 100 26.33553 0.680015 13.71369
53.53957 40.8844 42.74568 0 54.2842 -5.227512 7.711864
41.26113 71.59715 42.43204 0 46.19833 19.17593 7.150471
13.99508 85.53851 0 0 48.90107 53.22197 -19.15991
0 24.85593 26.80035 23.47481 60.9586 8.246421 17.71408
100 46.68139 12.34889 64.22331 17.87198 -2.332452 -12.55935
0 15.90835 67.22238 0 81.11891 0.885235 54.89375
100 67.36372 13.33703 16.70197 28.47445 -2.884029 -30.87377
80.977 70.38725 70.44574 0 35.15073 -2.288645 -2.654589
0 43.67069 71.31531 83.34447 21.94008 6.220933 11.16226
57.23454 0 84.40538 84.32459 20.50326 -8.836435 8.919394
86.43164 0 0 86.90429 21.91919 -7.889343 -9.340286
21.26464 33.35238 63.3115 100 20.22429 1.858212 8.037844
0 33.84712 16.54614 100 24.79796 6.328819 4.647922
13.65925 14.30441 56.63939 0 77.23181 -4.832085 40.07039
67.99663 67.34404 61.25099 15.3496 34.13532 0.996512 6.82571
13.07858 88.64201 38.44213 38.84159 35.83524 29.30955 10.05155
13.71322 33.48132 86.87204 0 67.1944 7.262264 54.16165
66.29432 15.26872 100 100 20.08848 -2.592122 5.13331
48.13264 34.03036 0 100 19.72087 2.456857 -2.756049
0 100 100 12.49649 41.75795 51.00435 38.98185
100 85.94954 15.27945 0 25.40795 5.960042 -36.94776
100 15.16443 100 100 19.92757 -2.133975 2.864617
35.61381 85.17115 100 100 15.27128 3.534325 2.229192
100 60.00769 0 13.9324 27.88153 3.999045 -40.10094
86.57812 0 0 14.18128 50.10921 -21.2532 -35.55649
45.95537 56.72699 0 65.51604 21.94551 8.880663 -8.577591
35.52593 22.90408 0 0 70.02759 3.173919 -25.65714
0 48.26366 0 57.9582 35.46308 15.04194 -3.467192
9.537683 92.75506 67.46926 44.60249 32.24637 29.2785 17.29827
16.6379 100 0 33.30849 33.70379 42.46402 -13.95036
32.27879 70.98123 66.45216 100 15.66785 5.20406 4.782423
42.14747 100 16.45788 51.64617 20.98857 23.9942 -10.70409
100 66.14754 41.7864 56.48872 15.51329 -5.374662 -8.957159
53.16324 32.95244 25.90679 23.33559 43.19365 -1.379693 -5.034647
71.90865 0 41.06183 100 15.66537 -5.938614 1.02875
100 30.12819 15.14989 100 15.54122 -1.727204 -2.946803
62.10702 84.75696 100 58.08098 16.37081 6.851428 7.800495
0 0 52.01423 74.04805 33.58761 -0.501388 13.6278
56.60703 57.08431 100 26.45727 34.81227 -0.505939 25.83641
0 85.96479 0 74.80608 21.35456 19.44394 -1.824334
26.12218 31.92757 0 25.64823 53.24174 11.60468 -16.0078
52.68812 70.15502 0 31.54366 31.38836 20.53688 -22.31774
75.18916 100 79.2048 86.69935 16.73834 2.687317 0.0383936
0 0 85.47503 83.88526 31.51954 -1.113911 20.58858
63.35016 91.36007 46.66297 63.30684 14.91845 8.831069 -0.446187
66.59294 30.40789 32.87323 0 53.89043 -13.20575 -4.517929
38.08137 28.28987 57.72025 73.77898 23.73878 -0.627749 8.470126
0 63.8607 21.96582 74.70206 26.67904 12.47882 2.748552
52.2506 19.91779 0 100 19.76218 0.190052 -1.362047
15.52625 21.54985 100 100 21.78558 -1.102995 6.636577
84.08758 100 100 28.68333 18.55662 5.942982 5.577881
52.23289 22.51072 28.10477 100 16.17519 -1.341458 1.712057
50.8566 18.04847 72.145 32.99032 43.58823 -14.26096 28.3027
32.63424 49.86133 100 100 15.35126 2.083007 2.586994
48.01318 22.01631 16.4044 0 63.44271 -6.014452 -10.03201
100 0 15.5923 84.93099 20.92072 -14.55372 -8.179226
54.47896 0 84.43157 0 65.63419 -33.2983 43.71083
0 0 57.93234 48.78632 46.42754 -2.880219 28.31461
17.3097 0 17.43864 100 22.65469 0.0691085 3.615251
100 55.80149 39.32374 19.83657 29.32073 -14.31257 -11.94839
0 18.93633 100 29.2532 58.25684 1.710457 50.43161
100 100 58.0233 0 22.84222 -2.267211 -9.270156
0 0 86.29733 0 85.85624 -9.30676 77.55912
100 65.96322 83.37985 85.28834 12.74627 -2.655183 0.45596
0 16.74468 15.45677 71.48351 34.34926 3.636187 6.735041
0 29.80713 13.1493 0 75.55505 18.06429 2.638424
84.67177 44.91713 70.29595 0 41.33847 -22.49925 13.81702
16.17984 37.12388 34.82205 100 22.07281 4.796767 6.474288
100 30.46247 0 30.62857 33.63084 -9.827921 -33.93195
28.03231 0 47.64616 40.75251 49.97914 -10.30352 16.74796
23.20066 17.0645 71.93423 0 70.69264 -9.564403 48.25329
0 31.60754 73.82321 58.42339 40.17963 8.006633 28.01966
100 100 29.7033 0 23.50487 4.792218 -25.16064
62.96292 100 0 43.62084 22.50909 23.03239 -22.0379
100 43.91077 100 0 34.17968 -40.25374 17.13066
26.56335 0 0 70.61794 42.72361 -1.827294 -5.195145
100 65.04751 13.66575 70.61767 15.12471 -1.25677 -10.68895
66.11993 0 100 0 60.72487 -39.69001 41.27538
100 0 35.43891 59.75675 24.81107 -19.68915 -13.5707
0 0 72.61134 19.93052 67.22419 -6.352949 51.9287
28.2936 57.94723 84.85355 0 52.887 14.23746 38.81566
0 0 84.95282 66.61677 35.58033 -2.227737 25.35636
17.35257 50.51451 83.91615 100 21.104 3.887211 6.462599
33.80187 16.83962 15.75134 100 20.26419 0.112069 1.514083
67.89142 100 83.54078 46.33981 17.57293 9.037908 1.420318
0 71.85597 75.67622 81.51742 24.15905 14.25571 12.73
78.92629 26.58884 100 100 18.17598 -2.120933 4.617384
100 28.0628 42.24209 32.77998 29.63607 -23.28032 -7.010352
81.00009 38.46848 16.95864 100 14.29497 -0.967438 -2.549297
72.90481 100 0 13.67531 26.8346 30.61858 -33.96509
0 39.18802 29.16846 0 72.77834 18.50415 15.97218
100 34.01766 100 85.66571 18.09493 -5.601556 2.405192
80.73745 100 46.31452 15.21389 23.29821 12.44736 -6.705512
82.81668 33.15653 68.57135 100 15.3307 -1.432813 0.788549
59.46896 87.94639 76.921 41.37116 22.48415 9.057816 7.918573
0 58.02469 100 72.29243 26.20629 9.552553 18.18517
87.74801 79.29289 57.19282 0 31.62739 -4.625729 -2.76364
0 25.74108 67.33508 40.64602 50.11546 5.167372 34.46716
24.2748 100 29.14126 66.45889 20.76317 20.50968 3.600783
41.21168 0 0 72.75783 31.46773 -2.996138 -4.435414
0 85.61421 19.24166 11.57719 47.50102 47.01283 -0.715222
55.93379 0 100 18.37475 52.27987 -27.09474 37.48421
0 85.99178 45.72771 53.4354 30.40788 28.44429 10.48154
87.6899 0 83.8245 21.47794 39.55038 -42.82035 21.25417
66.13365 70.14518 40.64977 100 17.05532 2.241353 1.040786
87.06703 0 39.55465 0 55.51545 -40.30092 -12.54378
100 22.52183 24.93837 26.0174 33.51192 -24.16053 -15.84571
100 45.95031 18.19141 100 12.52934 -0.895472 -2.381518
100 13.7025 19.24932 49.29337 28.64484 -21.39053 -12.79563
27.19217 34.06805 0 56.56256 34.62008 7.80671 -8.637647
61.9798 13.47339 45.59449 55.31497 35.47651 -12.28704 8.713912
14.04394 0 38.43569 100 22.3418 -0.615834 6.008501
48.57766 0 100 50.96417 41.75497 -17.16966 29.17575
17.19208 100 41.19624 100 15.64732 8.091411 3.020285
63.67755 12.18046 0 27.09324 51.33758 -8.382838 -23.86704
85.30961 0 85.88964 49.8769 34.0711 -28.35428 17.71583
0 83.8542 0 13.93726 47.49331 49.66139 -13.45284
18.92626 63.32427 45.75082 100 20.07345 6.389537 4.874746
14.30026 39.49677 0 50.30394 44.99973 11.69901 -7.670696
66.624 84.64836 55.7875 0 31.42876 17.07474 4.476344
100 82.84676 19.38099 100 17.67283 0.370438 -1.39064
100 25.95674 57.70808 0 42.0254 -41.04906 0.708269
15.95667 66.01385 0 28.29435 46.47885 26.36238 -12.82114
66.01674 28.18146 87.9731 22.40475 41.2337 -17.35956 25.23839
100 34.72229 85.24819 0 37.31365 -45.09473 14.37949
47.50168 66.95847 20.89616 60.16769 25.71942 11.70356 -4.42183
85.19424 40.01582 39.4238 75.61264 20.251 -5.639426 -3.768523
74.56333 70.17741 0 71.75325 19.04286 4.878138 -9.906792
26.37785 72.21857 16.34727 0 27.04152 5.635477 17.99051
100 19.70751 54.9424 70.05453 19.15483 -11.75959 0.30565
100 88.48555 88.13011 19.17624 23.02751 -6.076347 2.946857
55.44781 37.68284 100 87.26719 18.04224 -2.521234 6.518467
30.79338 0 25.28864 69.63044 32.90129 -4.975264 5.407995
58.08068 12.65825 100 70.55045 25.8139 -9.179147 12.58353
13.52638 40.63925 0 0 69.33782 21.86351 -17.68599
65.75921 61.29075 64.34992 100 16.4265 0.632075 1.075133
53.31591 0 0 81.19616 24.92602 -3.274851 -3.807804
10.08837 66.90507 41.67784 17.53443 48.77915 25.56291 12.40554
0 100 84.07093 42.50733 29.32964 35.29778 22.03086
43.08352 27.94196 49.40981 100 19.10155 -0.99476 4.177231
47.34175 27.64171 100 21.27038 46.09905 -10.53835 34.43646
56.06666 100 100 100 15.36662 3.713364 2.133826
74.77697 26.8344 0 100 15.39886 -0.232058 -3.7186
0 42.02154 54.23387 11.8012 59.73817 17.26093 29.16425
14.0715 70.92656 0 0 57.43611 40.5222 -18.71878
17.94016 0 100 87.40917 27.88449 -3.411884 15.18042
46.67618 86.46912 100 15.52321 30.79181 22.32532 20.15739
61.74145 60.53986 100 70.31934 21.18356 -0.33544 10.35372
28.50933 100 46.86127 14.60544 33.66609 38.91065 -0.968221
85.34068 38.64399 0 0 46.99795 -5.186275 -43.77159
85.54998 68.07261 100 0 28.20763 -11.73966 12.53161
0 77.27392 64.49272 42.38532 35.63242 26.83641 24.50819
0 100 38.82173 59.04038 24.61731 28.61062 5.456256
100 27.25206 74.12444 14.1957 35.58712 -37.20658 13.23717
27.9517 100 100 51.16745 23.40066 10.22457 5.394058
30.71534 0 56.78558 65.487 37.89747 -8.080601 16.13347
87.39323 73.81368 0 0 33.67214 11.15979 -44.23962
100 85.39005 0 68.61268 20.77495 3.628861 -5.304746
83.33346 58.16731 46.48145 53.17974 23.9396 -4.607482 -0.835233
25.24225 65.17956 91.324 54.11516 29.55256 13.63059 21.54917
35.79564 100 37.88194 0 38.42983 38.3198 0.033967
28.68373 54.29275 0 86.86675 23.12197 5.54125 -1.820958
88.40726 0 14.08621 72.07664 23.75347 -10.54085 -9.934556
36.51588 100 16.65838 13.65644 34.12095 38.06239 -11.10295
32.70832 72.10093 100 0 43.81617 23.78085 37.54984
43.45989 29.42451 27.11416 71.66422 26.6393 -0.113904 0.17276
0 50.10382 16.06936 100 22.94993 7.258741 3.5068
100 0 28.56073 31.07783 37.28923 -32.99266 -11.21092
0 64.88933 100 13.64524 50.0842 28.17003 44.23984
14.93134 13.56914 100 84.89231 27.59647 -1.547962 14.21225
0 85.26026 69.84275 0 52.17518 50.77396 38.97799
0 56.53881 47.5068 100 17.58583 6.019027 5.67239
100 85.20458 32.91723 15.83876 20.12091 1.079423 -19.2953
100 0 71.03766 60.72299 23.55636 -28.15041 8.076037
0 46.18114 83.05308 100 17.2355 3.532581 6.880658
14.17973 0 61.30073 0 81.98155 -14.03235 49.51056
100 80.17493 20.9858 30.50376 21.51763 -1.910106 -20.56222
59.64157 72.63208 60.98876 66.58939 18.97752 4.67161 1.292527
48.43491 100 22.59865 63.13809 19.76728 15.25235 -2.254101
57.12099 0 20.20093 56.84972 40.43716 -13.70027 2.448919
22.02482 75.25319 59.80745 21.41542 42.00434 22.55676 19.21311
